calculation range
start_eV: -15.00000
end_eV  :  30.00000
|C|^2 >=:   0.00001
times   :   4.00000
